OS: 320,320,320 0.00010635864
OS: 360,360,360 0.00010635864
